5000 5.5327e-07 2.24015e-07 4.16511e-07 1.35069e-07
10000 6.35289e-07 2.38432e-07 5.18249e-07 1.56444e-07
15000 6.98175e-07 2.52431e-07 5.88458e-07 1.77404e-07
20000 7.48081e-07 2.55603e-07 6.31614e-07 1.72854e-07
25000 8.11892e-07 2.68882e-07 6.92317e-07 1.86318e-07
30000 8.81549e-07 2.87457e-07 7.57032e-07 2.03483e-07
35000 9.43961e-07 3.12788e-07 8.1447e-07 2.01233e-07
40000 1.01215e-06 3.2568e-07 8.69339e-07 2.10774e-07
45000 1.05801e-06 3.45642e-07 9.11627e-07 2.22348e-07
50000 1.10615e-06 3.61737e-07 9.57074e-07 2.35017e-07
